   0145800100100
   0049100100200
   0115200100300
   0092900100400
   0071800100500
   0046800202000
   0175800202300
  0076900202400
   0032000202500
  0033000202550
   0013200302600
  0111400304000
 0108900304105 
 0109800304110 
  0090800304200
   0154000304300
  0154200304305 
  0155700304345 
  0058200304400 .
  0168100304500
   0129100511800
  0166000512800
  0174100513400
 0028500508700
  0063300820700
 0059200804330 .
  0059600804335
 0015400802694
 0109200504025
 0021500818400
  0024500818600
  0042100819700
   0054000820400
 0064200820800
 0108200823100
 0072200700510 .
   0098600822600
  0103700700600
  0124500824100
  0141400825100
 0149500825500
  0126000824200
 0142300825123 .
 0143500825143 .
 0142100825118 .
 0082300821510 
  0122900824000
 0138300824800
  0066900821010 
